# x1 z1 x2 z2 -- direct cross-section of Unity MeshCollider 7803042505894671335 at local y=1.19
-38.856041 21.000002 -2.757072 21.000002
-2.757072 21.000002 -2.381051 21.000002
-38.856041 21.000002 -38.878008 21.016532
-38.878008 21.016532 -40.986912 22.603445
-40.986912 22.603445 -41.001326 22.605455
-41.001326 22.605455 -42.385044 22.798384
-42.393419 22.794704 -43.197403 22.441433
-43.197403 22.441433 -43.810885 21.266953
-43.817276 21.254719 -43.810885 21.266953
-43.817276 21.254719 -43.358338 19.667049
-43.353558 19.650511 -43.358338 19.667049
-43.353558 19.650511 -42.013954 17.869505
-42.000000 17.850952 -42.013954 17.869505
-42.000000 17.850952 -42.000000 -17.482884
-42.000000 -17.850952 -42.000000 -17.482884
-42.013954 -17.869505 -42.000000 -17.850952
-43.353558 -19.650511 -42.013954 -17.869505
-43.358338 -19.667049 -43.353558 -19.650511
-43.817276 -21.254719 -43.358338 -19.667049
-43.810885 -21.266953 -43.817276 -21.254719
-43.197403 -22.441433 -43.810885 -21.266953
-43.197403 -22.441433 -42.393419 -22.794704
-42.385044 -22.798384 -41.001326 -22.605455
-40.986912 -22.603445 -41.001326 -22.605455
-40.986912 -22.603445 -38.878008 -21.016532
-38.856041 -21.000002 -38.878008 -21.016532
-38.856041 -21.000002 -2.757072 -21.000002
-2.381051 -21.000002 -2.757072 -21.000002
-2.358654 24.895599 -2.734934 24.895599
-38.856041 24.895599 -2.734934 24.895599
-38.856041 24.895599 -38.901107 24.895599
-43.227280 24.895599 -38.901107 24.895599
-43.227280 24.895599 -43.239758 24.895599
-44.437645 24.895599 -43.239758 24.895599
-44.437645 24.895599 -44.450124 24.895599
-45.648010 24.895599 -44.450124 24.895599
-2.358654 24.895599 -1.191482 24.895599
-1.179323 24.895599 -1.191482 24.895599
-1.179323 24.895599 -0.012155 24.895599
0.000004 24.895599 -0.012155 24.895599
0.012163 24.895599 0.000004 24.895599
1.179331 24.895599 0.012163 24.895599
1.191490 24.895599 1.179331 24.895599
2.358654 24.895599 1.191490 24.895599
2.734934 24.895599 2.358654 24.895599
38.856041 24.895599 2.734934 24.895599
38.856041 24.895599 38.901107 24.895599
38.901107 24.895599 43.227280 24.895599
43.239758 24.895599 43.227280 24.895599
44.437645 24.895599 43.239758 24.895599
44.450124 24.895599 44.437645 24.895599
45.648010 24.895599 44.450124 24.895599
2.381051 21.000002 2.757072 21.000002
38.856041 21.000002 2.757072 21.000002
38.856041 21.000002 38.878008 21.016532
40.986912 22.603445 38.878008 21.016532
40.986912 22.603445 41.001326 22.605455
42.385044 22.798384 41.001326 22.605455
43.197403 22.441433 42.393419 22.794704
43.197403 22.441433 43.810885 21.266953
43.810885 21.266953 43.817276 21.254719
43.817276 21.254719 43.358338 19.667049
43.358338 19.667049 43.353558 19.650511
43.353558 19.650511 42.013954 17.869505
42.013954 17.869505 42.000000 17.850952
42.000000 -17.482884 42.000000 17.850952
42.000000 -17.850952 42.000000 -17.482884
42.000000 -17.850952 42.013954 -17.869505
43.353558 -19.650511 42.013954 -17.869505
43.353558 -19.650511 43.358338 -19.667049
43.817276 -21.254719 43.358338 -19.667049
43.817276 -21.254719 43.810885 -21.266953
43.197403 -22.441433 43.810885 -21.266953
42.393419 -22.794704 43.197403 -22.441433
41.001326 -22.605455 42.385044 -22.798384
40.986912 -22.603445 41.001326 -22.605455
38.878008 -21.016532 40.986912 -22.603445
38.856041 -21.000002 38.878008 -21.016532
38.856041 -21.000002 2.756033 -21.000002
2.756033 -21.000002 2.380012 -21.000002
45.645710 -17.850950 45.645710 17.482872
45.645710 17.482872 45.645710 17.850950
45.645710 -17.850950 45.645710 -21.585815
45.645710 -21.624721 45.645710 -21.585815
45.645710 -21.633562 45.645710 -22.482202
45.645710 -22.482202 45.645710 -22.494681
45.645710 -22.494681 45.645710 -23.692560
45.645710 -23.692560 45.645734 -23.704963
45.645734 -23.704963 45.648010 -24.895599
45.645710 17.850950 45.645710 21.585815
45.645710 21.585815 45.645710 21.624721
45.645710 22.482202 45.645710 21.633562
45.645710 22.482202 45.645710 22.494681
45.645710 23.692560 45.645710 22.494681
45.645710 23.692560 45.645734 23.704963
45.648010 24.895599 45.645734 23.704963
-45.645710 17.850950 -45.645710 17.482872
-45.645710 -17.850950 -45.645710 17.482872
-45.645710 -17.850950 -45.645710 -21.585815
-45.645710 -21.585815 -45.645710 -21.624721
-45.645710 -22.482202 -45.645710 -21.633562
-45.645710 -22.482202 -45.645710 -22.494681
-45.645710 -23.692560 -45.645710 -22.494681
-45.645710 -23.692560 -45.645734 -23.704963
-45.648010 -24.895599 -45.645734 -23.704963
-45.645710 17.850950 -45.645710 21.585815
-45.645710 21.624721 -45.645710 21.585815
-45.645710 21.633562 -45.645710 22.482202
-45.645710 22.482202 -45.645710 22.494681
-45.645710 22.494681 -45.645710 23.692560
-45.645710 23.692560 -45.645734 23.704963
-45.645734 23.704963 -45.648010 24.895599
-38.856041 -24.895599 -2.734934 -24.895599
-2.734934 -24.895599 -2.358654 -24.895599
-2.358654 -24.895599 -1.191486 -24.895599
-1.191486 -24.895599 -1.179327 -24.895599
-1.179327 -24.895599 -0.012159 -24.895599
-0.012159 -24.895599 0.000000 -24.895599
-38.856041 -24.895599 -38.901107 -24.895599
-38.901107 -24.895599 -43.227280 -24.895599
-43.239758 -24.895599 -43.227280 -24.895599
-44.437645 -24.895599 -43.239758 -24.895599
-44.450124 -24.895599 -44.437645 -24.895599
-45.648010 -24.895599 -44.450124 -24.895599
0.000000 -24.895599 0.012159 -24.895599
1.179327 -24.895599 0.012159 -24.895599
1.179327 -24.895599 1.191486 -24.895599
2.358654 -24.895599 1.191486 -24.895599
2.358654 -24.895599 2.734934 -24.895599
38.856041 -24.895599 2.734934 -24.895599
38.856041 -24.895599 38.901107 -24.895599
43.227280 -24.895599 38.901107 -24.895599
43.227280 -24.895599 43.239758 -24.895599
44.437645 -24.895599 43.239758 -24.895599
44.437645 -24.895599 44.450124 -24.895599
45.648010 -24.895599 44.450124 -24.895599
-1.179327 -23.336741 -0.012159 -23.694878
0.000000 -23.698608 -0.012159 -23.694878
-1.768991 -22.807470 -1.185406 -23.331284
-1.768991 -22.807470 -1.775301 -22.788836
-2.381051 -21.000002 -1.775301 -22.788836
0.012159 -23.694878 0.000000 -23.698608
1.179327 -23.336741 0.012159 -23.694878
1.768991 -22.807470 1.185406 -23.331284
1.775301 -22.788836 1.768991 -22.807470
2.380012 -21.000002 1.775301 -22.788836
1.179331 23.336741 0.012163 23.694878
0.000004 23.698608 0.012163 23.694878
1.768994 22.807470 1.185410 23.331284
1.768994 22.807470 1.775304 22.788836
2.381051 21.000002 1.775304 22.788836
-0.012155 23.694878 0.000004 23.698608
-1.179323 23.336741 -0.012155 23.694878
-1.768988 22.807470 -1.185402 23.331284
-1.775298 22.788836 -1.768988 22.807470
-2.381051 21.000002 -1.775298 22.788836
